 4500.050      0.948
 4500.400      0.914
 4500.750      0.936
 4501.100      0.890
 4501.450      0.920
 4501.800      0.894
 4502.150      1.003
 4502.500      0.931
 4502.850      1.028
 4503.200      0.934
 4503.550      0.998
 4503.900      0.943
 4504.250      1.069
 4504.600      0.972
 4504.950      0.972
 4505.300      1.052
 4505.650      1.054
 4506.000      0.934
 4506.350      0.928
 4506.700      0.993
 4507.050      0.956
 4507.400      1.003
 4507.750      0.972
 4508.100      0.956
 4508.450      0.954
 4508.800      0.981
 4509.150      0.938
 4509.500      1.009
 4509.850      0.977
 4510.200      1.004
 4510.550      0.994
 4510.900      0.964
 4511.250      1.023
 4511.600      1.010
 4511.950      0.944
 4512.300      0.960
 4512.650      0.891
 4513.000      0.984
 4513.350      0.997
 4513.700      1.046
 4514.050      0.938
 4514.400      0.928
 4514.750      0.950
 4515.100      0.963
 4515.450      0.926
 4515.800      0.944
 4516.150      0.956
 4516.500      0.974
 4516.850      0.959
 4517.200      0.979
 4517.550      0.878
 4517.900      0.914
 4518.250      0.892
 4518.600      0.942
 4518.950      0.992
 4519.300      0.973
 4519.650      0.937
 4520.000      0.939
 4520.350      0.969
 4520.700      0.951
 4521.050      0.990
 4521.400      0.949
 4521.750      1.004
 4522.100      0.936
 4522.450      0.878
 4522.800      0.887
 4523.150      0.904
 4523.500      0.986
 4523.850      1.006
 4524.200      0.969
 4524.550      0.906
 4524.900      0.853
 4525.250      0.927
 4525.600      0.913
 4525.950      0.932
 4526.300      0.891
 4526.650      0.897
 4527.000      0.840
 4527.350      0.930
 4527.700      0.884
 4528.050      0.887
 4528.400      0.829
 4528.750      0.796
 4529.100      0.828
 4529.450      0.832
 4529.800      0.874
 4530.150      0.962
 4530.500      0.927
 4530.850      0.797
 4531.200      0.852
 4531.550      0.929
 4531.900      1.007
 4532.250      0.932
 4532.600      0.910
 4532.950      0.948
 4533.300      0.847
 4533.650      0.779
 4534.000      0.811
 4534.350      0.792
 4534.700      0.890
 4535.050      0.901
 4535.400      0.832
 4535.750      0.750
 4536.100      0.817
 4536.450      0.934
 4536.800      1.056
 4537.150      1.052
 4537.500      0.980
 4537.850      1.049
 4538.200      1.049
 4538.550      0.989
 4538.900      1.000
 4539.250      1.039
 4539.600      0.930
 4539.950      1.038
 4540.300      0.953
 4540.650      0.900
 4541.000      0.893
 4541.350      0.944
 4541.700      0.964
 4542.050      1.017
 4542.400      0.977
 4542.750      0.963
 4543.100      0.932
 4543.450      0.980
 4543.800      0.944
 4544.150      0.942
 4544.500      0.822
 4544.850      0.908
 4545.200      0.902
 4545.550      0.941
 4545.900      0.907
 4546.250      0.833
 4546.600      0.999
 4546.950      0.913
 4547.300      0.872
 4547.650      0.947
 4548.000      0.917
 4548.350      0.923
 4548.700      0.904
 4549.050      0.842
 4549.400      0.780
 4549.750      0.766
 4550.100      0.846
 4550.450      0.897
 4550.800      0.941
 4551.150      0.946
 4551.500      0.957
 4551.850      0.966
 4552.200      0.878
 4552.550      0.902
 4552.900      0.908
 4553.250      0.956
 4553.600      0.930
 4553.950      0.826
 4554.300      0.866
 4554.650      0.901
 4555.000      0.916
 4555.350      0.878
 4555.700      0.848
 4556.050      0.862
 4556.400      0.934
 4556.750      0.988
 4557.100      0.968
 4557.450      0.959
 4557.800      0.952
 4558.150      0.936
 4558.500      0.938
 4558.850      0.978
 4559.200      0.966
 4559.550      1.024
 4559.900      0.957
 4560.250      0.956
 4560.600      0.944
 4560.950      0.991
 4561.300      1.014
 4561.650      1.020
 4562.000      1.009
 4562.350      0.969
 4562.700      1.030
 4563.050      0.976
 4563.400      0.867
 4563.750      0.903
 4564.100      0.923
 4564.450      0.977
 4564.800      0.997
 4565.150      0.920
 4565.500      0.920
 4565.850      0.920
 4566.200      0.967
 4566.550      1.018
 4566.900      0.953
 4567.250      0.972
 4567.600      1.041
 4567.950      1.010
 4568.300      1.051
 4568.650      0.977
 4569.000      0.996
 4569.350      1.003
 4569.700      1.001
 4570.050      1.087
 4570.400      0.982
 4570.750      0.992
 4571.100      0.903
 4571.450      0.843
 4571.800      0.784
 4572.150      0.858
 4572.500      0.976
 4572.850      0.991
 4573.200      1.003
 4573.550      1.063
 4573.900      0.943
 4574.250      0.958
 4574.600      0.954
 4574.950      0.984
 4575.300      1.009
 4575.650      0.960
 4576.000      0.947
 4576.350      0.918
 4576.700      0.950
 4577.050      0.998
 4577.400      0.986
 4577.750      1.077
 4578.100      0.959
 4578.450      0.886
 4578.800      1.000
 4579.150      1.012
 4579.500      0.970
 4579.850      0.904
 4580.200      0.872
 4580.550      0.910
 4580.900      0.922
 4581.250      0.866
 4581.600      0.837
 4581.950      0.947
 4582.300      0.943
 4582.650      1.068
 4583.000      0.942
 4583.350      0.981
 4583.700      0.858
 4584.050      0.907
 4584.400      0.962
 4584.750      0.957
 4585.100      0.926
 4585.450      0.928
 4585.800      0.944
 4586.150      0.870
 4586.500      0.978
 4586.850      0.982
 4587.200      1.009
 4587.550      1.022
 4587.900      1.017
 4588.250      0.981
 4588.600      0.963
 4588.950      0.929
 4589.300      1.016
 4589.650      0.913
 4590.000      0.938
 4590.350      0.940
 4590.700      0.967
 4591.050      1.003
 4591.400      0.930
 4591.750      0.914
 4592.100      0.937
 4592.450      0.882
 4592.800      0.901
 4593.150      0.940
 4593.500      1.060
 4593.850      0.996
 4594.200      0.966
 4594.550      0.920
 4594.900      0.948
 4595.250      0.977
 4595.600      0.962
 4595.950      0.933
 4596.300      0.951
 4596.650      0.990
 4597.000      1.039
 4597.350      0.989
 4597.700      0.904
 4598.050      0.941
 4598.400      0.969
 4598.750      0.952
 4599.100      1.011
 4599.450      0.997
 4599.800      0.969
 4600.150      0.899
 4600.500      0.903
 4600.850      0.884
 4601.200      0.954
 4601.550      0.964
 4601.900      0.937
 4602.250      0.943
 4602.600      0.993
 4602.950      0.874
 4603.300      0.967
 4603.650      0.983
 4604.000      0.970
 4604.350      0.964
 4604.700      0.943
 4605.050      0.952
 4605.400      0.964
 4605.750      0.943
 4606.100      0.924
 4606.450      0.946
 4606.800      0.973
 4607.150      0.979
 4607.500      0.892
 4607.850      0.924
 4608.200      1.020
 4608.550      1.001
 4608.900      0.911
 4609.250      1.020
 4609.600      0.989
 4609.950      0.988
 4610.300      0.932
 4610.650      0.939
 4611.000      0.950
 4611.350      0.914
 4611.700      0.996
 4612.050      1.066
 4612.400      0.947
 4612.750      1.016
 4613.100      0.934
 4613.450      0.848
 4613.800      0.942
 4614.150      0.957
 4614.500      0.972
 4614.850      1.004
 4615.200      1.022
 4615.550      0.994
 4615.900      0.936
 4616.250      0.964
 4616.600      0.901
 4616.950      0.951
 4617.300      0.911
 4617.650      1.033
 4618.000      0.920
 4618.350      0.959
 4618.700      0.911
 4619.050      0.916
 4619.400      0.937
 4619.750      0.986
 4620.100      0.944
 4620.450      0.982
 4620.800      0.946
 4621.150      0.986
 4621.500      0.988
 4621.850      1.037
 4622.200      0.986
 4622.550      0.936
 4622.900      0.957
 4623.250      0.947
 4623.600      0.999
 4623.950      0.943
 4624.300      0.999
 4624.650      0.976
 4625.000      0.927
 4625.350      0.940
 4625.700      0.927
 4626.050      0.879
 4626.400      0.986
 4626.750      1.002
 4627.100      0.948
 4627.450      1.037
 4627.800      0.997
 4628.150      1.033
 4628.500      0.994
 4628.850      0.943
 4629.200      0.916
 4629.550      0.946
 4629.900      0.916
 4630.250      0.962
 4630.600      0.931
 4630.950      1.000
 4631.300      1.083
 4631.650      0.984
 4632.000      0.973
 4632.350      0.996
 4632.700      0.964
 4633.050      0.878
 4633.400      1.002
 4633.750      0.999
 4634.100      0.950
 4634.450      0.973
 4634.800      0.961
 4635.150      1.026
 4635.500      0.987
 4635.850      0.921
 4636.200      0.964
 4636.550      1.003
 4636.900      0.952
 4637.250      0.956
 4637.600      0.841
 4637.950      0.899
 4638.300      0.910
 4638.650      0.969
 4639.000      0.980
 4639.350      0.958
 4639.700      0.922
 4640.050      0.946
 4640.400      0.963
 4640.750      0.949
 4641.100      1.008
 4641.450      1.019
 4641.800      1.038
 4642.150      1.001
 4642.500      0.962
 4642.850      1.011
 4643.200      0.936
 4643.550      1.000
 4643.900      1.014
 4644.250      1.023
 4644.600      0.958
 4644.950      0.960
 4645.300      1.010
 4645.650      0.920
 4646.000      0.884
 4646.350      0.894
 4646.700      0.926
 4647.050      0.897
 4647.400      0.959
 4647.750      0.886
 4648.100      0.943
 4648.450      0.868
 4648.800      0.948
 4649.150      0.920
 4649.500      0.962
 4649.850      1.017
 4650.200      0.944
 4650.550      0.967
 4650.900      0.933
 4651.250      0.908
 4651.600      1.006
 4651.950      0.888
 4652.300      0.941
 4652.650      0.967
 4653.000      1.012
 4653.350      1.046
 4653.700      0.974
 4654.050      0.943
 4654.400      0.852
 4654.750      0.776
 4655.100      0.953
 4655.450      0.960
 4655.800      1.009
 4656.150      0.970
 4656.500      0.953
 4656.850      0.906
 4657.200      0.881
 4657.550      0.960
 4657.900      1.004
 4658.250      1.068
 4658.600      1.058
 4658.950      1.033
 4659.300      0.937
 4659.650      1.000
 4660.000      1.012
 4660.350      0.977
 4660.700      1.000
 4661.050      0.989
 4661.400      0.980
 4661.750      0.989
 4662.100      1.031
 4662.450      1.000
 4662.800      1.001
 4663.150      0.961
 4663.500      0.894
 4663.850      0.946
 4664.200      0.984
 4664.550      0.987
 4664.900      1.031
 4665.250      0.937
 4665.600      0.983
 4665.950      0.982
 4666.300      0.907
 4666.650      0.899
 4667.000      0.849
 4667.350      0.791
 4667.700      0.846
 4668.050      0.852
 4668.400      0.852
 4668.750      0.908
 4669.100      0.899
 4669.450      0.970
 4669.800      0.923
 4670.150      0.973
 4670.500      0.933
 4670.850      0.977
 4671.200      1.002
 4671.550      1.014
 4671.900      0.991
 4672.250      0.960
 4672.600      0.932
 4672.950      0.891
 4673.300      0.927
 4673.650      1.008
 4674.000      0.988
 4674.350      1.014
 4674.700      0.967
 4675.050      0.941
 4675.400      1.001
 4675.750      0.994
 4676.100      1.018
 4676.450      1.032
 4676.800      0.918
 4677.150      0.967
 4677.500      1.000
 4677.850      0.929
 4678.200      0.924
 4678.550      0.926
 4678.900      0.931
 4679.250      0.911
 4679.600      0.981
 4679.950      0.940
 4680.300      0.988
 4680.650      0.978
 4681.000      1.009
 4681.350      0.944
 4681.700      0.911
 4682.050      0.919
 4682.400      0.999
 4682.750      0.957
 4683.100      0.962
 4683.450      1.017
 4683.800      0.991
 4684.150      1.003
 4684.500      0.999
 4684.850      0.917
 4685.200      0.952
 4685.550      1.031
 4685.900      0.941
 4686.250      0.956
 4686.600      1.008
 4686.950      1.024
 4687.300      0.958
 4687.650      1.018
 4688.000      1.000
 4688.350      0.970
 4688.700      0.957
 4689.050      0.976
 4689.400      0.970
 4689.750      0.919
 4690.100      0.962
 4690.450      1.014
 4690.800      0.997
 4691.150      0.950
 4691.500      0.993
 4691.850      0.988
 4692.200      0.939
 4692.550      1.000
 4692.900      1.020
 4693.250      1.019
 4693.600      0.989
 4693.950      0.927
 4694.300      1.040
 4694.650      0.954
 4695.000      1.007
 4695.350      0.993
 4695.700      1.014
 4696.050      0.992
 4696.400      0.979
 4696.750      0.994
 4697.100      0.962
 4697.450      0.953
 4697.800      1.019
 4698.150      0.963
 4698.500      0.886
 4698.850      0.916
 4699.200      0.913
 4699.550      0.949
 4699.900      1.054
 4700.250      0.974
 4700.600      0.968
 4700.950      0.940
 4701.300      0.954
 4701.650      0.996
 4702.000      0.900
 4702.350      0.924
 4702.700      0.796
 4703.050      0.791
 4703.400      0.871
 4703.750      0.920
 4704.100      0.972
 4704.450      0.956
 4704.800      0.971
 4705.150      0.942
 4705.500      0.947
 4705.850      1.013
 4706.200      0.987
 4706.550      1.010
 4706.900      0.930
 4707.250      0.878
 4707.600      0.949
 4707.950      0.936
 4708.300      0.941
 4708.650      0.934
 4709.000      0.927
 4709.350      1.004
 4709.700      0.968
 4710.050      0.896
 4710.400      0.952
 4710.750      0.961
 4711.100      1.011
 4711.450      1.012
 4711.800      0.971
 4712.150      0.971
 4712.500      1.046
 4712.850      1.038
 4713.200      0.914
 4713.550      0.928
 4713.900      0.912
 4714.250      0.938
 4714.600      0.901
 4714.950      0.970
 4715.300      0.893
 4715.650      0.930
 4716.000      0.967
 4716.350      0.982
 4716.700      0.928
 4717.050      1.007
 4717.400      0.963
 4717.750      1.040
 4718.100      1.008
 4718.450      0.944
 4718.800      0.997
 4719.150      0.979
 4719.500      0.968
 4719.850      1.022
 4720.200      1.040
 4720.550      1.031
 4720.900      0.991
 4721.250      1.018
 4721.600      0.982
 4721.950      0.989
 4722.300      0.991
 4722.650      1.020
 4723.000      0.978
 4723.350      0.988
 4723.700      1.060
 4724.050      1.008
 4724.400      0.958
 4724.750      1.023
 4725.100      0.987
 4725.450      0.987
 4725.800      1.080
 4726.150      0.988
 4726.500      1.022
 4726.850      0.933
 4727.200      0.873
 4727.550      0.910
 4727.900      0.971
 4728.250      0.958
 4728.600      0.941
 4728.950      0.888
 4729.300      1.019
 4729.650      0.953
 4730.000      0.994
 4730.350      1.051
 4730.700      0.984
 4731.050      0.924
 4731.400      0.864
 4731.750      0.948
 4732.100      0.970
 4732.450      0.937
 4732.800      0.990
 4733.150      0.964
 4733.500      0.908
 4733.850      0.983
 4734.200      1.000
 4734.550      1.002
 4734.900      0.984
 4735.250      1.019
 4735.600      0.969
 4735.950      0.910
 4736.300      0.902
 4736.650      0.901
 4737.000      0.852
 4737.350      0.893
 4737.700      0.893
 4738.050      0.928
 4738.400      1.041
 4738.750      0.933
 4739.100      0.981
 4739.450      0.927
 4739.800      0.982
 4740.150      0.983
 4740.500      0.987
 4740.850      1.042
 4741.200      0.963
 4741.550      0.970
 4741.900      0.963
 4742.250      0.990
 4742.600      0.996
 4742.950      0.986
 4743.300      0.929
 4743.650      0.957
 4744.000      0.959
 4744.350      0.949
 4744.700      0.991
 4745.050      1.009
 4745.400      1.016
 4745.750      0.926
 4746.100      0.990
 4746.450      1.013
 4746.800      0.963
 4747.150      0.958
 4747.500      1.014
 4747.850      1.017
 4748.200      0.937
 4748.550      1.020
 4748.900      1.039
 4749.250      1.022
 4749.600      0.982
 4749.950      1.008
 4750.300      1.050
 4750.650      0.974
 4751.000      1.017
 4751.350      1.029
 4751.700      0.944
 4752.050      1.001
 4752.400      0.954
 4752.750      0.968
 4753.100      1.023
 4753.450      0.944
 4753.800      0.941
 4754.150      0.960
 4754.500      0.951
 4754.850      0.924
 4755.200      1.001
 4755.550      0.926
 4755.900      0.890
 4756.250      0.883
 4756.600      0.953
 4756.950      0.942
 4757.300      0.999
 4757.650      0.962
 4758.000      0.923
 4758.350      0.983
 4758.700      0.982
 4759.050      0.998
 4759.400      0.943
 4759.750      0.964
 4760.100      1.019
 4760.450      0.943
 4760.800      0.988
 4761.150      0.917
 4761.500      0.913
 4761.850      0.940
 4762.200      0.873
 4762.550      0.841
 4762.900      0.917
 4763.250      0.922
 4763.600      0.937
 4763.950      0.876
 4764.300      0.957
 4764.650      0.931
 4765.000      0.958
 4765.350      0.980
 4765.700      0.939
 4766.050      0.946
 4766.400      0.886
 4766.750      0.847
 4767.100      1.019
 4767.450      0.949
 4767.800      0.956
 4768.150      0.910
 4768.500      0.954
 4768.850      0.891
 4769.200      1.009
 4769.550      0.978
 4769.900      1.034
 4770.250      1.034
 4770.600      0.981
 4770.950      0.994
 4771.300      0.937
 4771.650      0.929
 4772.000      0.947
 4772.350      0.930
 4772.700      0.878
 4773.050      0.946
 4773.400      0.952
 4773.750      1.007
 4774.100      1.021
 4774.450      0.954
 4774.800      1.027
 4775.150      1.042
 4775.500      0.963
 4775.850      1.022
 4776.200      1.014
 4776.550      0.971
 4776.900      0.969
 4777.250      1.066
 4777.600      0.988
 4777.950      1.004
 4778.300      1.032
 4778.650      0.970
 4779.000      0.980
 4779.350      1.034
 4779.700      0.884
 4780.050      0.913
 4780.400      0.959
 4780.750      1.008
 4781.100      0.979
 4781.450      0.974
 4781.800      1.016
 4782.150      1.033
 4782.500      0.996
 4782.850      0.996
 4783.200      0.930
 4783.550      0.967
 4783.900      1.028
 4784.250      0.982
 4784.600      1.041
 4784.950      1.064
 4785.300      0.983
 4785.650      0.970
 4786.000      0.922
 4786.350      0.921
 4786.700      0.896
 4787.050      0.953
 4787.400      1.057
 4787.750      0.997
 4788.100      0.966
 4788.450      0.898
 4788.800      0.943
 4789.150      0.957
 4789.500      0.941
 4789.850      0.951
 4790.200      0.959
 4790.550      1.023
 4790.900      0.978
 4791.250      0.982
 4791.600      0.976
 4791.950      0.938
 4792.300      0.887
 4792.650      0.972
 4793.000      1.003
 4793.350      0.991
 4793.700      1.063
 4794.050      0.993
 4794.400      0.999
 4794.750      1.014
 4795.100      0.996
 4795.450      1.010
 4795.800      1.018
 4796.150      1.052
 4796.500      0.952
 4796.850      0.958
 4797.200      1.013
 4797.550      1.014
 4797.900      0.984
 4798.250      0.959
 4798.600      0.971
 4798.950      0.969
 4799.300      1.024
 4799.650      0.962
 4800.000      0.953
 4800.350      0.924
 4800.700      0.946
 4801.050      0.968
 4801.400      1.004
 4801.750      1.014
 4802.100      0.979
 4802.450      0.971
 4802.800      0.911
 4803.150      1.023
 4803.500      1.056
 4803.850      1.027
 4804.200      0.971
 4804.550      0.946
 4804.900      0.939
 4805.250      0.924
 4805.600      1.002
 4805.950      0.978
 4806.300      0.949
 4806.650      0.937
 4807.000      0.950
 4807.350      0.973
 4807.700      0.914
 4808.050      0.996
 4808.400      0.980
 4808.750      0.960
 4809.100      0.967
 4809.450      1.032
 4809.800      1.021
 4810.150      0.964
 4810.500      0.918
 4810.850      0.953
 4811.200      1.023
 4811.550      0.991
 4811.900      0.947
 4812.250      0.992
 4812.600      0.996
 4812.950      1.047
 4813.300      0.981
 4813.650      1.000
 4814.000      1.018
 4814.350      0.998
 4814.700      1.043
 4815.050      1.029
 4815.400      1.024
 4815.750      1.060
 4816.100      0.978
 4816.450      1.008
 4816.800      1.000
 4817.150      0.938
 4817.500      0.968
 4817.850      0.986
 4818.200      1.041
 4818.550      1.003
 4818.900      1.023
 4819.250      1.030
 4819.600      1.040
 4819.950      0.974
 4820.300      0.986
 4820.650      0.971
 4821.000      1.013
 4821.350      1.004
 4821.700      0.996
 4822.050      0.972
 4822.400      1.074
 4822.750      0.972
 4823.100      0.872
 4823.450      0.916
 4823.800      0.868
 4824.150      0.866
 4824.500      0.952
 4824.850      1.037
 4825.200      0.946
 4825.550      0.929
 4825.900      0.984
 4826.250      1.008
 4826.600      1.034
 4826.950      0.963
 4827.300      0.999
 4827.650      0.999
 4828.000      1.004
 4828.350      0.990
 4828.700      0.898
 4829.050      0.922
 4829.400      0.986
 4829.750      0.958
 4830.100      0.963
 4830.450      0.977
 4830.800      1.013
 4831.150      1.033
 4831.500      0.976
 4831.850      0.914
 4832.200      0.947
 4832.550      0.924
 4832.900      0.973
 4833.250      0.936
 4833.600      1.016
 4833.950      0.988
 4834.300      0.971
 4834.650      0.920
 4835.000      0.976
 4835.350      0.984
 4835.700      1.022
 4836.050      0.940
 4836.400      0.982
 4836.750      0.943
 4837.100      0.940
 4837.450      1.036
 4837.800      0.971
 4838.150      0.887
 4838.500      0.917
 4838.850      0.963
 4839.200      0.930
 4839.550      0.928
 4839.900      0.900
 4840.250      0.949
 4840.600      0.928
 4840.950      0.994
 4841.300      0.941
 4841.650      0.994
 4842.000      0.983
 4842.350      0.953
 4842.700      0.980
 4843.050      0.921
 4843.400      0.943
 4843.750      0.953
 4844.100      0.954
 4844.450      0.943
 4844.800      0.961
 4845.150      0.939
 4845.500      0.949
 4845.850      0.960
 4846.200      1.048
 4846.550      1.040
 4846.900      0.956
 4847.250      0.977
 4847.600      0.933
 4847.950      0.891
 4848.300      0.959
 4848.650      0.932
 4849.000      0.901
 4849.350      0.937
 4849.700      0.971
 4850.050      1.012
 4850.400      0.997
 4850.750      0.991
 4851.100      0.947
 4851.450      1.013
 4851.800      0.978
 4852.150      0.967
 4852.500      0.977
 4852.850      0.970
 4853.200      0.968
 4853.550      0.963
 4853.900      0.936
 4854.250      0.947
 4854.600      0.891
 4854.950      0.890
 4855.300      0.832
 4855.650      0.833
 4856.000      0.886
 4856.350      0.891
 4856.700      0.873
 4857.050      0.872
 4857.400      0.834
 4857.750      0.883
 4858.100      0.830
 4858.450      0.913
 4858.800      0.871
 4859.150      0.783
 4859.500      0.778
 4859.850      0.748
 4860.200      0.703
 4860.550      0.603
 4860.900      0.456
 4861.250      0.369
 4861.600      0.436
 4861.950      0.612
 4862.300      0.682
 4862.650      0.761
 4863.000      0.786
 4863.350      0.800
 4863.700      0.789
 4864.050      0.778
 4864.400      0.824
 4864.750      0.880
 4865.100      0.941
 4865.450      0.898
 4865.800      0.882
 4866.150      0.908
 4866.500      0.906
 4866.850      0.914
 4867.200      0.871
 4867.550      0.964
 4867.900      0.896
 4868.250      0.987
 4868.600      0.962
 4868.950      1.016
 4869.300      0.992
 4869.650      0.971
 4870.000      1.029
 4870.350      0.930
 4870.700      0.894
 4871.050      0.807
 4871.400      0.808
 4871.750      0.758
 4872.100      0.819
 4872.450      0.906
 4872.800      0.952
 4873.150      0.879
 4873.500      0.889
 4873.850      0.940
 4874.200      0.922
 4874.550      0.933
 4874.900      0.941
 4875.250      0.918
 4875.600      0.894
 4875.950      0.959
 4876.300      0.900
 4876.650      0.946
 4877.000      1.043
 4877.350      0.976
 4877.700      0.901
 4878.050      0.838
 4878.400      0.830
 4878.750      0.986
 4879.100      1.012
 4879.450      0.978
 4879.800      1.072
 4880.150      1.027
 4880.500      0.977
 4880.850      0.983
 4881.200      0.941
 4881.550      0.890
 4881.900      0.916
 4882.250      0.909
 4882.600      0.990
 4882.950      0.979
 4883.300      0.981
 4883.650      0.992
 4884.000      0.968
 4884.350      0.989
 4884.700      0.974
 4885.050      0.919
 4885.400      0.876
 4885.750      0.933
 4886.100      0.927
 4886.450      0.898
 4886.800      0.969
 4887.150      0.902
 4887.500      0.944
 4887.850      0.920
 4888.200      0.957
 4888.550      0.919
 4888.900      0.859
 4889.250      0.954
 4889.600      0.889
 4889.950      0.988
 4890.300      0.939
 4890.650      0.864
 4891.000      0.724
 4891.350      0.762
 4891.700      0.803
 4892.050      0.937
 4892.400      0.922
 4892.750      0.998
 4893.100      0.991
 4893.450      0.999
 4893.800      1.076
 4894.150      0.951
 4894.500      0.988
 4894.850      0.996
 4895.200      1.078
 4895.550      0.978
 4895.900      1.017
 4896.250      0.999
 4896.600      1.006
 4896.950      1.039
 4897.300      1.011
 4897.650      1.028
 4898.000      1.071
 4898.350      1.027
 4898.700      1.052
 4899.050      0.997
 4899.400      0.957
 4899.750      0.923
 4900.100      0.931
 4900.450      0.878
 4900.800      1.034
 4901.150      0.947
 4901.500      1.018
 4901.850      0.969
 4902.200      1.002
 4902.550      0.949
 4902.900      0.967
 4903.250      0.869
 4903.600      0.880
 4903.950      0.986
 4904.300      0.924
 4904.650      0.969
 4905.000      0.993
 4905.350      0.987
 4905.700      1.027
 4906.050      0.972
 4906.400      0.997
 4906.750      1.001
 4907.100      0.911
 4907.450      0.994
 4907.800      0.901
 4908.150      0.983
 4908.500      0.949
 4908.850      0.983
 4909.200      0.950
 4909.550      0.950
 4909.900      0.908
 4910.250      0.880
 4910.600      0.886
 4910.950      0.950
 4911.300      0.938
 4911.650      0.894
 4912.000      1.010
 4912.350      1.031
 4912.700      0.999
 4913.050      0.993
 4913.400      1.001
 4913.750      0.944
 4914.100      0.914
 4914.450      0.946
 4914.800      1.031
 4915.150      1.002
 4915.500      1.034
 4915.850      0.991
 4916.200      1.004
 4916.550      1.021
 4916.900      0.956
 4917.250      0.930
 4917.600      0.958
 4917.950      0.944
 4918.300      0.872
 4918.650      0.831
 4919.000      0.829
 4919.350      0.877
 4919.700      0.912
 4920.050      0.890
 4920.400      0.727
 4920.750      0.818
 4921.100      0.912
 4921.450      0.967
 4921.800      0.954
 4922.150      0.940
 4922.500      1.001
 4922.850      1.041
 4923.200      0.931
 4923.550      0.946
 4923.900      0.904
 4924.250      0.892
 4924.600      0.923
 4924.950      0.922
 4925.300      0.940
 4925.650      0.944
 4926.000      1.012
 4926.350      1.036
 4926.700      0.946
 4927.050      0.993
 4927.400      0.997
 4927.750      0.919
 4928.100      0.930
 4928.450      0.918
 4928.800      1.037
 4929.150      0.988
 4929.500      0.964
 4929.850      0.982
 4930.200      1.021
 4930.550      0.984
 4930.900      0.966
 4931.250      1.002
 4931.600      0.968
 4931.950      1.033
 4932.300      0.991
 4932.650      0.982
 4933.000      0.962
 4933.350      0.880
 4933.700      0.812
 4934.050      0.852
 4934.400      0.920
 4934.750      1.001
 4935.100      0.900
 4935.450      0.918
 4935.800      0.966
 4936.150      0.994
 4936.500      0.989
 4936.850      0.899
 4937.200      0.927
 4937.550      0.936
 4937.900      0.842
 4938.250      0.888
 4938.600      0.921
 4938.950      0.816
 4939.300      0.817
 4939.650      0.916
 4940.000      0.908
 4940.350      1.004
 4940.700      0.978
 4941.050      0.959
 4941.400      1.067
 4941.750      0.966
 4942.100      0.988
 4942.450      0.939
 4942.800      0.966
 4943.150      0.958
 4943.500      0.946
 4943.850      0.994
 4944.200      1.032
 4944.550      1.027
 4944.900      0.974
 4945.250      0.949
 4945.600      0.874
 4945.950      0.987
 4946.300      0.914
 4946.650      0.883
 4947.000      0.997
 4947.350      0.967
 4947.700      0.937
 4948.050      0.994
 4948.400      0.971
 4948.750      0.989
 4949.100      0.968
 4949.450      1.003
 4949.800      0.976
 4950.150      0.998
 4950.500      0.970
 4950.850      1.020
 4951.200      0.989
 4951.550      0.976
 4951.900      1.011
 4952.250      0.980
 4952.600      0.953
 4952.950      0.987
 4953.300      0.922
 4953.650      1.011
 4954.000      0.973
 4954.350      1.026
 4954.700      0.951
 4955.050      0.950
 4955.400      1.014
 4955.750      1.021
 4956.100      1.016
 4956.450      0.946
 4956.800      0.869
 4957.150      0.712
 4957.500      0.642
 4957.850      0.727
 4958.200      0.898
 4958.550      0.954
 4958.900      0.926
 4959.250      1.004
 4959.600      0.963
 4959.950      0.991
 4960.300      0.993
 4960.650      1.022
 4961.000      0.986
 4961.350      1.018
 4961.700      1.033
 4962.050      0.940
 4962.400      0.933
 4962.750      0.941
 4963.100      0.954
 4963.450      1.029
 4963.800      1.003
 4964.150      0.943
 4964.500      0.994
 4964.850      1.008
 4965.200      0.930
 4965.550      0.930
 4965.900      0.896
 4966.250      0.910
 4966.600      0.968
 4966.950      1.009
 4967.300      0.981
 4967.650      0.920
 4968.000      0.922
 4968.350      0.971
 4968.700      0.954
 4969.050      0.984
 4969.400      1.019
 4969.750      1.007
 4970.100      0.926
 4970.450      0.957
 4970.800      0.901
 4971.150      1.004
 4971.500      0.981
 4971.850      0.996
 4972.200      0.990
 4972.550      1.002
 4972.900      0.924
 4973.250      0.974
 4973.600      0.954
 4973.950      1.022
 4974.300      1.036
 4974.650      0.963
 4975.000      0.993
 4975.350      0.952
 4975.700      1.016
 4976.050      0.958
 4976.400      0.987
 4976.750      1.051
 4977.100      0.941
 4977.450      0.932
 4977.800      0.937
 4978.150      0.948
 4978.500      0.914
 4978.850      0.923
 4979.200      0.983
 4979.550      0.916
 4979.900      0.990
 4980.250      0.911
 4980.600      0.910
 4980.950      1.077
 4981.300      0.917
 4981.650      0.946
 4982.000      0.880
 4982.350      0.852
 4982.700      0.831
 4983.050      0.890
 4983.400      0.841
 4983.750      0.784
 4984.100      0.869
 4984.450      0.913
 4984.800      0.933
 4985.150      0.838
 4985.500      0.863
 4985.850      0.867
 4986.200      0.940
 4986.550      0.946
 4986.900      0.997
 4987.250      0.971
 4987.600      1.002
 4987.950      1.022
 4988.300      1.016
 4988.650      0.931
 4989.000      0.919
 4989.350      0.993
 4989.700      1.032
 4990.050      1.050
 4990.400      1.021
 4990.750      0.931
 4991.100      0.848
 4991.450      0.859
 4991.800      0.927
 4992.150      0.998
 4992.500      1.001
 4992.850      0.988
 4993.200      1.001
 4993.550      0.946
 4993.900      0.939
 4994.250      0.899
 4994.600      0.950
 4994.950      0.992
 4995.300      1.036
 4995.650      0.991
 4996.000      0.959
 4996.350      1.023
 4996.700      0.982
 4997.050      1.008
 4997.400      1.017
 4997.750      1.007
 4998.100      0.883
 4998.450      1.002
 4998.800      0.887
 4999.150      0.982
 4999.500      0.903
 4999.850      0.920
 5000.200      0.966
 5000.550      0.970
 5000.900      0.974
 5001.250      0.960
 5001.600      0.877
 5001.950      0.846
 5002.300      0.926
 5002.650      0.954
 5003.000      0.932
 5003.350      1.000
 5003.700      0.983
 5004.050      0.978
 5004.400      0.979
 5004.750      1.011
 5005.100      0.938
 5005.450      0.937
 5005.800      0.752
 5006.150      0.853
 5006.500      0.890
 5006.850      0.888
 5007.200      0.807
 5007.550      0.943
 5007.900      0.948
 5008.250      0.999
 5008.600      0.950
 5008.950      0.967
 5009.300      1.000
 5009.650      1.028
 5010.000      0.981
 5010.350      0.986
 5010.700      0.962
 5011.050      0.966
 5011.400      0.998
 5011.750      0.873
 5012.100      0.848
 5012.450      0.911
 5012.800      0.920
 5013.150      0.989
 5013.500      0.947
 5013.850      0.866
 5014.200      0.822
 5014.550      0.912
 5014.900      0.838
 5015.250      0.887
 5015.600      1.016
 5015.950      0.989
 5016.300      0.972
 5016.650      0.930
 5017.000      0.938
 5017.350      0.931
 5017.700      0.882
 5018.050      0.788
 5018.400      0.843
 5018.750      0.892
 5019.100      0.997
 5019.450      1.016
 5019.800      0.972
 5020.150      1.019
 5020.500      1.043
 5020.850      0.996
 5021.200      0.957
 5021.550      1.003
 5021.900      0.869
 5022.250      0.928
 5022.600      0.983
 5022.950      0.899
 5023.300      0.966
 5023.650      1.014
 5024.000      0.904
 5024.350      0.948
 5024.700      0.949
 5025.050      0.996
 5025.400      0.919
 5025.750      0.992
 5026.100      0.957
 5026.450      0.994
 5026.800      0.978
 5027.150      0.876
 5027.500      0.888
 5027.850      0.908
 5028.200      0.919
 5028.550      0.936
 5028.900      0.970
 5029.250      0.961
 5029.600      0.986
 5029.950      0.952
 5030.300      0.934
 5030.650      0.949
 5031.000      0.930
 5031.350      0.957
 5031.700      0.948
 5032.050      1.002
 5032.400      0.992
 5032.750      0.981
 5033.100      1.018
 5033.450      0.940
 5033.800      0.943
 5034.150      1.001
 5034.500      0.946
 5034.850      0.987
 5035.200      0.889
 5035.550      0.900
 5035.900      0.823
 5036.250      0.874
 5036.600      0.877
 5036.950      1.014
 5037.300      0.952
 5037.650      0.939
 5038.000      1.023
 5038.350      0.907
 5038.700      0.921
 5039.050      0.914
 5039.400      0.873
 5039.750      0.879
 5040.100      0.896
 5040.450      0.864
 5040.800      0.811
 5041.150      0.763
 5041.500      0.747
 5041.850      0.770
 5042.200      0.873
 5042.550      0.927
 5042.900      0.964
 5043.250      0.943
 5043.600      0.949
 5043.950      0.972
 5044.300      0.957
 5044.650      0.964
 5045.000      0.974
 5045.350      0.962
 5045.700      1.010
 5046.050      1.013
 5046.400      0.951
 5046.750      0.953
 5047.100      1.081
 5047.450      0.980
 5047.800      0.963
 5048.150      0.922
 5048.500      0.956
 5048.850      0.936
 5049.200      0.938
 5049.550      0.962
 5049.900      0.932
 5050.250      0.924
 5050.600      1.022
 5050.950      0.976
 5051.300      0.922
 5051.650      0.848
 5052.000      0.902
 5052.350      0.957
 5052.700      0.968
 5053.050      1.009
 5053.400      0.934
 5053.750      1.034
 5054.100      1.009
 5054.450      0.948
 5054.800      0.974
 5055.150      0.967
 5055.500      1.029
 5055.850      1.041
 5056.200      0.999
 5056.550      0.993
 5056.900      1.062
 5057.250      0.991
 5057.600      0.987
 5057.950      1.011
 5058.300      1.021
 5058.650      1.008
 5059.000      0.978
 5059.350      0.951
 5059.700      1.007
 5060.050      0.966
 5060.400      0.956
 5060.750      0.999
 5061.100      0.986
 5061.450      0.980
 5061.800      1.047
 5062.150      0.952
 5062.500      1.002
 5062.850      1.011
 5063.200      1.016
 5063.550      1.040
 5063.900      1.038
 5064.250      0.950
 5064.600      0.857
 5064.950      0.834
 5065.300      0.866
 5065.650      0.983
 5066.000      1.056
 5066.350      1.024
 5066.700      0.974
 5067.050      1.018
 5067.400      0.939
 5067.750      0.996
 5068.100      1.009
 5068.450      0.954
 5068.800      0.950
 5069.150      0.949
 5069.500      0.993
 5069.850      0.983
 5070.200      1.024
 5070.550      1.004
 5070.900      1.032
 5071.250      0.977
 5071.600      0.947
 5071.950      0.961
 5072.300      0.863
 5072.650      0.912
 5073.000      1.016
 5073.350      0.977
 5073.700      1.010
 5074.050      1.018
 5074.400      0.969
 5074.750      0.937
 5075.100      0.926
 5075.450      0.974
 5075.800      0.981
 5076.150      1.019
 5076.500      0.941
 5076.850      0.973
 5077.200      1.032
 5077.550      0.973
 5077.900      0.997
 5078.250      0.974
 5078.600      0.906
 5078.950      0.891
 5079.300      0.861
 5079.650      0.833
 5080.000      0.800
 5080.350      0.852
 5080.700      0.853
 5081.050      0.898
 5081.400      0.906
 5081.750      0.912
 5082.100      0.968
 5082.450      0.996
 5082.800      0.948
 5083.150      0.879
 5083.500      0.904
 5083.850      0.893
 5084.200      0.918
 5084.550      0.980
 5084.900      1.010
 5085.250      0.968
 5085.600      1.031
 5085.950      0.972
 5086.300      1.022
 5086.650      0.948
 5087.000      0.981
 5087.350      0.969
 5087.700      0.990
 5088.050      0.962
 5088.400      0.917
 5088.750      1.000
 5089.100      0.957
 5089.450      0.976
 5089.800      0.992
 5090.150      0.989
 5090.500      0.954
 5090.850      0.904
 5091.200      1.011
 5091.550      1.019
 5091.900      0.974
 5092.250      0.928
 5092.600      1.013
 5092.950      0.987
 5093.300      0.958
 5093.650      0.993
 5094.000      0.999
 5094.350      0.996
 5094.700      1.011
 5095.050      1.004
 5095.400      0.920
 5095.750      1.061
 5096.100      1.042
 5096.450      0.923
 5096.800      0.900
 5097.150      0.963
 5097.500      0.948
 5097.850      0.987
 5098.200      0.889
 5098.550      0.898
 5098.900      0.844
 5099.250      0.868
 5099.600      0.951
 5099.950      0.936
 5100.300      0.954
 5100.650      0.909
 5101.000      1.073
 5101.350      1.012
 5101.700      1.013
 5102.050      1.061
 5102.400      1.033
 5102.750      1.038
 5103.100      0.957
 5103.450      0.999
 5103.800      1.011
 5104.150      0.992
 5104.500      0.971
 5104.850      1.019
 5105.200      0.957
 5105.550      0.922
 5105.900      0.963
 5106.250      0.974
 5106.600      1.034
 5106.950      0.940
 5107.300      0.911
 5107.650      0.814
 5108.000      0.943
 5108.350      1.030
 5108.700      0.999
 5109.050      0.980
 5109.400      0.950
 5109.750      0.966
 5110.100      0.866
 5110.450      0.886
 5110.800      0.960
 5111.150      0.977
 5111.500      1.016
 5111.850      0.979
 5112.200      1.033
 5112.550      1.032
 5112.900      1.034
 5113.250      1.027
 5113.600      0.980
 5113.950      0.949
 5114.300      0.992
 5114.650      1.013
 5115.000      0.967
 5115.350      1.028
 5115.700      0.988
 5116.050      0.994
 5116.400      0.960
 5116.750      1.030
 5117.100      0.992
 5117.450      1.057
 5117.800      1.027
 5118.150      0.972
 5118.500      1.022
 5118.850      0.986
 5119.200      0.991
 5119.550      0.983
 5119.900      1.007
 5120.250      0.994
 5120.600      0.984
 5120.950      0.956
 5121.300      0.939
 5121.650      0.969
 5122.000      0.899
 5122.350      1.034
 5122.700      0.919
 5123.050      0.970
 5123.400      0.903
 5123.750      0.914
 5124.100      0.960
 5124.450      0.930
 5124.800      0.924
 5125.150      0.859
 5125.500      0.899
 5125.850      0.939
 5126.200      0.963
 5126.550      0.940
 5126.900      0.920
 5127.250      0.871
 5127.600      0.930
 5127.950      0.979
 5128.300      1.038
 5128.650      0.989
 5129.000      0.961
 5129.350      0.857
 5129.700      0.972
 5130.050      0.928
 5130.400      0.902
 5130.750      0.979
 5131.100      1.000
 5131.450      0.863
 5131.800      0.960
 5132.150      1.010
 5132.500      0.971
 5132.850      1.006
 5133.200      0.938
 5133.550      0.860
 5133.900      0.898
 5134.250      0.968
 5134.600      1.004
 5134.950      1.097
 5135.300      1.056
 5135.650      1.013
 5136.000      1.020
 5136.350      0.976
 5136.700      0.919
 5137.050      0.846
 5137.400      0.903
 5137.750      0.920
 5138.100      1.016
 5138.450      0.978
 5138.800      0.886
 5139.150      0.796
 5139.500      0.783
 5139.850      0.864
 5140.200      1.006
 5140.550      1.047
 5140.900      0.987
 5141.250      1.001
 5141.600      0.979
 5141.950      0.923
 5142.300      0.852
 5142.650      0.849
 5143.000      0.884
 5143.350      0.950
 5143.700      0.967
 5144.050      0.952
 5144.400      1.007
 5144.750      0.943
 5145.100      0.976
 5145.450      0.936
 5145.800      0.964
 5146.150      0.911
 5146.500      0.873
 5146.850      0.922
 5147.200      0.910
 5147.550      0.968
 5147.900      0.900
 5148.250      0.924
 5148.600      0.947
 5148.950      1.047
 5149.300      0.989
 5149.650      1.002
 5150.000      0.956
 5150.350      0.943
 5150.700      0.921
 5151.050      0.946
 5151.400      0.992
 5151.750      0.918
 5152.100      0.946
 5152.450      0.953
 5152.800      0.928
 5153.150      0.954
 5153.500      1.012
 5153.850      0.920
 5154.200      0.930
 5154.550      0.922
 5154.900      1.011
 5155.250      0.932
 5155.600      0.966
 5155.950      0.939
 5156.300      0.960
 5156.650      0.970
 5157.000      1.004
 5157.350      0.978
 5157.700      0.963
 5158.050      1.064
 5158.400      0.989
 5158.750      0.932
 5159.100      0.964
 5159.450      0.984
 5159.800      1.047
 5160.150      0.977
 5160.500      0.982
 5160.850      1.044
 5161.200      1.013
 5161.550      0.980
 5161.900      0.942
 5162.250      0.923
 5162.600      0.888
 5162.950      0.953
 5163.300      0.992
 5163.650      1.001
 5164.000      1.012
 5164.350      0.951
 5164.700      0.908
 5165.050      0.936
 5165.400      0.926
 5165.750      0.871
 5166.100      0.851
 5166.450      0.808
 5166.800      0.717
 5167.150      0.631
 5167.500      0.612
 5167.850      0.697
 5168.200      0.834
 5168.550      0.772
 5168.900      0.722
 5169.250      0.811
 5169.600      0.909
 5169.950      1.008
 5170.300      0.932
 5170.650      0.973
 5171.000      0.883
 5171.350      0.779
 5171.700      0.730
 5172.050      0.647
 5172.400      0.508
 5172.750      0.491
 5173.100      0.609
 5173.450      0.776
 5173.800      0.854
 5174.150      0.911
 5174.500      0.971
 5174.850      0.953
 5175.200      0.987
 5175.550      0.938
 5175.900      1.044
 5176.250      0.990
 5176.600      0.983
 5176.950      0.996
 5177.300      0.984
 5177.650      0.969
 5178.000      1.052
 5178.350      1.032
 5178.700      1.018
 5179.050      1.074
 5179.400      0.993
 5179.750      0.987
 5180.100      0.946
 5180.450      1.026
 5180.800      0.976
 5181.150      0.910
 5181.500      0.929
 5181.850      0.914
 5182.200      0.848
 5182.550      0.814
 5182.900      0.674
 5183.250      0.544
 5183.600      0.430
 5183.950      0.512
 5184.300      0.680
 5184.650      0.778
 5185.000      0.870
 5185.350      0.898
 5185.700      0.939
 5186.050      0.941
 5186.400      0.986
 5186.750      0.973
 5187.100      0.960
 5187.450      1.001
 5187.800      0.950
 5188.150      0.972
 5188.500      0.844
 5188.850      0.811
 5189.200      0.950
 5189.550      0.952
 5189.900      0.997
 5190.250      1.067
 5190.600      1.029
 5190.950      0.926
 5191.300      0.969
 5191.650      0.927
 5192.000      0.862
 5192.350      0.786
 5192.700      0.816
 5193.050      0.892
 5193.400      1.031
 5193.750      1.033
 5194.100      1.050
 5194.450      0.987
 5194.800      0.943
 5195.150      0.931
 5195.500      0.879
 5195.850      0.916
 5196.200      0.949
 5196.550      0.986
 5196.900      0.997
 5197.250      0.948
 5197.600      0.980
 5197.950      0.906
 5198.300      0.969
 5198.650      1.059
 5199.000      1.020
 5199.350      0.967
 5199.700      0.982
 5200.050      0.997
 5200.400      0.977
 5200.750      1.033
 5201.100      0.988
 5201.450      0.966
 5201.800      0.967
 5202.150      0.878
 5202.500      0.894
 5202.850      0.949
 5203.200      1.048
 5203.550      0.932
 5203.900      1.001
 5204.250      0.938
 5204.600      0.838
 5204.950      0.880
 5205.300      0.959
 5205.650      0.886
 5206.000      0.791
 5206.350      0.879
 5206.700      0.954
 5207.050      1.044
 5207.400      0.991
 5207.750      0.953
 5208.100      0.816
 5208.450      0.767
 5208.800      0.862
 5209.150      0.964
 5209.500      0.948
 5209.850      0.954
 5210.200      0.920
 5210.550      0.884
 5210.900      0.962
 5211.250      0.961
 5211.600      0.988
 5211.950      1.004
 5212.300      1.013
 5212.650      0.950
 5213.000      0.961
 5213.350      0.997
 5213.700      1.004
 5214.050      1.012
 5214.400      1.007
 5214.750      0.936
 5215.100      0.943
 5215.450      0.923
 5215.800      0.927
 5216.150      0.849
 5216.500      0.877
 5216.850      0.969
 5217.200      0.892
 5217.550      0.909
 5217.900      0.896
 5218.250      1.008
 5218.600      1.013
 5218.950      1.017
 5219.300      1.012
 5219.650      0.990
 5220.000      1.008
 5220.350      1.010
 5220.700      1.017
 5221.050      0.988
 5221.400      0.998
 5221.750      1.018
 5222.100      1.001
 5222.450      0.974
 5222.800      0.950
 5223.150      1.009
 5223.500      1.048
 5223.850      1.032
 5224.200      0.984
 5224.550      0.937
 5224.900      0.993
 5225.250      0.948
 5225.600      0.874
 5225.950      0.932
 5226.300      0.859
 5226.650      0.774
 5227.000      0.696
 5227.350      0.804
 5227.700      0.913
 5228.050      1.056
 5228.400      1.008
 5228.750      0.991
 5229.100      0.971
 5229.450      0.980
 5229.800      0.937
 5230.150      0.956
 5230.500      0.901
 5230.850      1.054
 5231.200      1.006
 5231.550      0.973
 5231.900      0.968
 5232.250      0.956
 5232.600      0.904
 5232.950      0.836
 5233.300      0.894
 5233.650      0.906
 5234.000      0.973
 5234.350      1.021
 5234.700      0.923
 5235.050      0.944
 5235.400      0.918
 5235.750      0.944
 5236.100      0.988
 5236.450      0.946
 5236.800      0.981
 5237.150      0.963
 5237.500      0.918
 5237.850      0.920
 5238.200      1.012
 5238.550      1.041
 5238.900      0.983
 5239.250      0.958
 5239.600      0.982
 5239.950      0.984
 5240.300      0.987
 5240.650      0.978
 5241.000      0.962
 5241.350      0.979
 5241.700      0.988
 5242.050      0.937
 5242.400      0.992
 5242.750      0.961
 5243.100      0.924
 5243.450      0.979
 5243.800      0.972
 5244.150      0.964
 5244.500      1.024
 5244.850      1.029
 5245.200      0.999
 5245.550      1.024
 5245.900      0.987
 5246.250      0.994
 5246.600      0.998
 5246.950      0.949
 5247.300      0.913
 5247.650      0.919
 5248.000      0.950
 5248.350      1.010
 5248.700      0.970
 5249.050      0.939
 5249.400      1.024
 5249.750      0.973
 5250.100      0.916
 5250.450      0.861
 5250.800      0.910
 5251.150      0.988
 5251.500      0.958
 5251.850      0.967
 5252.200      0.951
 5252.550      0.917
 5252.900      0.999
 5253.250      0.966
 5253.600      0.929
 5253.950      1.024
 5254.300      1.011
 5254.650      0.947
 5255.000      0.916
 5255.350      0.950
 5255.700      0.946
 5256.050      0.996
 5256.400      0.988
 5256.750      0.993
 5257.100      0.978
 5257.450      0.979
 5257.800      1.008
 5258.150      0.963
 5258.500      1.039
 5258.850      1.034
 5259.200      0.943
 5259.550      1.073
 5259.900      0.947
 5260.250      0.954
 5260.600      1.013
 5260.950      0.984
 5261.300      0.953
 5261.650      0.891
 5262.000      0.871
 5262.350      0.971
 5262.700      0.919
 5263.050      0.933
 5263.400      0.843
 5263.750      0.872
 5264.100      0.862
 5264.450      0.884
 5264.800      1.001
 5265.150      0.864
 5265.500      0.857
 5265.850      0.799
 5266.200      0.869
 5266.550      0.838
 5266.900      0.890
 5267.250      0.938
 5267.600      0.964
 5267.950      0.978
 5268.300      0.956
 5268.650      0.911
 5269.000      0.848
 5269.350      0.793
 5269.700      0.717
 5270.050      0.748
 5270.400      0.736
 5270.750      0.886
 5271.100      1.051
 5271.450      0.993
 5271.800      1.049
 5272.150      1.030
 5272.500      0.960
 5272.850      0.922
 5273.200      0.898
 5273.550      0.902
 5273.900      0.923
 5274.250      0.950
 5274.600      0.948
 5274.950      0.973
 5275.300      0.911
 5275.650      0.874
 5276.000      0.872
 5276.350      0.900
 5276.700      1.033
 5277.050      1.012
 5277.400      0.988
 5277.750      1.061
 5278.100      1.051
 5278.450      1.027
 5278.800      0.966
 5279.150      1.026
 5279.500      0.993
 5279.850      1.000
 5280.200      0.963
 5280.550      0.982
 5280.900      0.969
 5281.250      0.957
 5281.600      0.884
 5281.950      0.904
 5282.300      0.921
 5282.650      0.904
 5283.000      0.958
 5283.350      0.879
 5283.700      0.796
 5284.050      0.851
 5284.400      0.900
 5284.750      0.939
 5285.100      0.979
 5285.450      0.957
 5285.800      1.004
 5286.150      1.039
 5286.500      1.039
 5286.850      1.050
 5287.200      0.953
 5287.550      1.033
 5287.900      1.060
 5288.250      1.018
 5288.600      0.998
 5288.950      1.031
 5289.300      1.042
 5289.650      1.006
 5290.000      1.004
 5290.350      1.026
 5290.700      1.028
 5291.050      0.990
 5291.400      1.051
 5291.750      1.011
 5292.100      1.036
 5292.450      0.936
 5292.800      1.016
 5293.150      0.984
 5293.500      0.947
 5293.850      1.021
 5294.200      0.990
 5294.550      0.967
 5294.900      1.013
 5295.250      0.981
 5295.600      1.049
 5295.950      0.999
 5296.300      0.978
 5296.650      0.911
 5297.000      0.904
 5297.350      0.893
 5297.700      0.912
 5298.050      0.853
 5298.400      0.891
 5298.750      0.927
 5299.100      0.949
 5299.450      1.024
 5299.800      0.991
 5300.150      0.987
 5300.500      0.939
 5300.850      0.956
 5301.200      1.053
 5301.550      0.990
 5301.900      0.962
 5302.250      0.872
 5302.600      0.982
 5302.950      0.987
 5303.300      0.999
 5303.650      1.020
 5304.000      1.003
 5304.350      0.986
 5304.700      1.024
 5305.050      0.997
 5305.400      0.947
 5305.750      0.988
 5306.100      1.010
 5306.450      0.994
 5306.800      0.924
 5307.150      0.979
 5307.500      0.969
 5307.850      0.982
 5308.200      0.912
 5308.550      0.969
 5308.900      1.008
 5309.250      1.023
 5309.600      1.027
 5309.950      0.968
 5310.300      0.968
 5310.650      0.987
 5311.000      1.016
 5311.350      0.961
 5311.700      0.961
 5312.050      1.073
 5312.400      1.017
 5312.750      0.973
 5313.100      0.937
 5313.450      0.991
 5313.800      1.024
 5314.150      1.051
 5314.500      0.967
 5314.850      0.951
 5315.200      1.024
 5315.550      1.050
 5315.900      0.951
 5316.250      0.959
 5316.600      0.811
 5316.950      0.947
 5317.300      0.974
 5317.650      0.933
 5318.000      1.000
 5318.350      0.950
 5318.700      1.010
 5319.050      0.969
 5319.400      0.997
 5319.750      1.004
 5320.100      1.019
 5320.450      1.007
 5320.800      0.963
 5321.150      0.959
 5321.500      1.012
 5321.850      0.967
 5322.200      1.013
 5322.550      0.972
 5322.900      0.968
 5323.250      0.970
 5323.600      0.930
 5323.950      0.926
 5324.300      0.878
 5324.650      0.923
 5325.000      0.967
 5325.350      0.969
 5325.700      0.946
 5326.050      1.029
 5326.400      1.002
 5326.750      1.000
 5327.100      1.032
 5327.450      0.919
 5327.800      0.773
 5328.150      0.728
 5328.500      0.718
 5328.850      0.864
 5329.200      0.960
 5329.550      0.960
 5329.900      1.007
 5330.250      0.940
 5330.600      1.018
 5330.950      1.060
 5331.300      1.014
 5331.650      0.959
 5332.000      0.951
 5332.350      0.913
 5332.700      0.954
 5333.050      0.920
 5333.400      0.953
 5333.750      1.019
 5334.100      1.053
 5334.450      0.932
 5334.800      0.978
 5335.150      1.058
 5335.500      0.993
 5335.850      0.957
 5336.200      1.007
 5336.550      0.941
 5336.900      0.931
 5337.250      0.952
 5337.600      0.974
 5337.950      1.009
 5338.300      0.953
 5338.650      0.976
 5339.000      0.999
 5339.350      1.028
 5339.700      0.883
 5340.050      0.939
 5340.400      0.870
 5340.750      0.910
 5341.100      0.904
 5341.450      0.859
 5341.800      1.052
 5342.150      0.940
 5342.500      0.982
 5342.850      0.993
 5343.200      0.972
 5343.550      0.968
 5343.900      1.032
 5344.250      0.991
 5344.600      0.987
 5344.950      0.971
 5345.300      0.976
 5345.650      0.914
 5346.000      0.929
 5346.350      0.978
 5346.700      0.977
 5347.050      1.031
 5347.400      0.998
 5347.750      0.999
 5348.100      0.928
 5348.450      0.942
 5348.800      0.963
 5349.150      1.000
 5349.500      0.951
 5349.850      0.943
 5350.200      0.970
 5350.550      0.998
 5350.900      0.973
 5351.250      1.032
 5351.600      0.996
 5351.950      0.966
 5352.300      0.996
 5352.650      0.971
 5353.000      0.942
 5353.350      0.983
 5353.700      0.994
 5354.050      0.976
 5354.400      0.984
 5354.750      1.059
 5355.100      0.993
 5355.450      1.027
 5355.800      1.039
 5356.150      1.039
 5356.500      1.067
 5356.850      1.023
 5357.200      1.006
 5357.550      0.986
 5357.900      0.999
 5358.250      0.994
 5358.600      1.017
 5358.950      0.980
 5359.300      1.013
 5359.650      1.016
 5360.000      0.991
 5360.350      1.010
 5360.700      0.989
 5361.050      0.954
 5361.400      0.937
 5361.750      0.936
 5362.100      0.974
 5362.450      0.904
 5362.800      0.973
 5363.150      0.893
 5363.500      1.010
 5363.850      1.034
 5364.200      0.953
 5364.550      0.851
 5364.900      0.866
 5365.250      0.904
 5365.600      0.928
 5365.950      0.947
 5366.300      1.029
 5366.650      0.972
 5367.000      0.971
 5367.350      0.922
 5367.700      0.902
 5368.050      0.971
 5368.400      0.993
 5368.750      1.003
 5369.100      0.988
 5369.450      0.957
 5369.800      0.852
 5370.150      0.879
 5370.500      0.946
 5370.850      0.891
 5371.200      0.908
 5371.550      0.816
 5371.900      0.904
 5372.250      0.976
 5372.600      1.037
 5372.950      0.933
 5373.300      0.997
 5373.650      0.914
 5374.000      0.982
 5374.350      1.002
 5374.700      1.034
 5375.050      1.017
 5375.400      1.030
 5375.750      0.993
 5376.100      1.030
 5376.450      1.044
 5376.800      1.019
 5377.150      1.001
 5377.500      0.970
 5377.850      0.942
 5378.200      0.990
 5378.550      1.052
 5378.900      1.029
 5379.250      0.927
 5379.600      0.982
 5379.950      0.971
 5380.300      0.972
 5380.650      0.928
 5381.000      0.930
 5381.350      0.950
 5381.700      1.011
 5382.050      0.963
 5382.400      0.989
 5382.750      0.934
 5383.100      0.909
 5383.450      0.837
 5383.800      0.959
 5384.150      0.997
 5384.500      0.978
 5384.850      0.961
 5385.200      0.977
 5385.550      1.006
 5385.900      0.953
 5386.250      0.970
 5386.600      0.990
 5386.950      0.977
 5387.300      1.051
 5387.650      0.963
 5388.000      1.037
 5388.350      1.010
 5388.700      1.017
 5389.050      0.927
 5389.400      0.906
 5389.750      0.949
 5390.100      1.046
 5390.450      1.000
 5390.800      1.031
 5391.150      0.948
 5391.500      0.931
 5391.850      0.964
 5392.200      1.036
 5392.550      1.017
 5392.900      0.887
 5393.250      0.907
 5393.600      0.960
 5393.950      0.963
 5394.300      1.059
 5394.650      0.984
 5395.000      0.956
 5395.350      1.021
 5395.700      0.990
 5396.050      1.051
 5396.400      0.929
 5396.750      0.951
 5397.100      0.843
 5397.450      0.933
 5397.800      1.009
 5398.150      0.934
 5398.500      0.958
 5398.850      1.020
 5399.200      0.974
 5399.550      0.947
 5399.900      0.992
 5400.250      0.960
 5400.600      0.932
 5400.950      0.911
 5401.300      1.006
 5401.650      1.024
 5402.000      0.932
 5402.350      1.011
 5402.700      1.047
 5403.050      0.986
 5403.400      0.922
 5403.750      0.879
 5404.100      0.867
 5404.450      0.908
 5404.800      0.922
 5405.150      0.978
 5405.500      0.858
 5405.850      0.823
 5406.200      0.841
 5406.550      0.960
 5406.900      1.006
 5407.250      0.967
 5407.600      0.980
 5407.950      1.034
 5408.300      1.043
 5408.650      1.017
 5409.000      0.959
 5409.350      0.929
 5409.700      0.879
 5410.050      0.912
 5410.400      0.994
 5410.750      0.918
 5411.100      0.956
 5411.450      0.998
 5411.800      1.056
 5412.150      1.062
 5412.500      1.038
 5412.850      0.993
 5413.200      1.009
 5413.550      1.024
 5413.900      0.972
 5414.250      0.977
 5414.600      1.031
 5414.950      0.959
 5415.300      0.981
 5415.650      0.949
 5416.000      0.992
 5416.350      1.010
 5416.700      0.969
 5417.050      0.947
 5417.400      1.023
 5417.750      0.998
 5418.100      0.991
 5418.450      0.940
 5418.800      0.962
 5419.150      0.959
 5419.500      1.033
 5419.850      0.962
 5420.200      0.958
 5420.550      1.021
 5420.900      0.957
 5421.250      0.894
 5421.600      0.979
 5421.950      0.933
 5422.300      0.966
 5422.650      0.982
 5423.000      0.940
 5423.350      0.967
 5423.700      0.979
 5424.050      0.859
 5424.400      0.944
 5424.750      0.909
 5425.100      0.957
 5425.450      0.911
 5425.800      0.994
 5426.150      0.963
 5426.500      1.006
 5426.850      1.001
 5427.200      1.067
 5427.550      0.979
 5427.900      1.029
 5428.250      1.078
 5428.600      0.968
 5428.950      0.927
 5429.300      0.882
 5429.650      0.819
 5430.000      0.890
 5430.350      0.968
 5430.700      1.028
 5431.050      1.019
 5431.400      1.072
 5431.750      0.982
 5432.100      1.058
 5432.450      1.056
 5432.800      1.008
 5433.150      0.890
 5433.500      0.984
 5433.850      0.981
 5434.200      0.907
 5434.550      0.817
 5434.900      0.919
 5435.250      0.989
 5435.600      0.941
 5435.950      1.034
 5436.300      0.976
 5436.650      0.939
 5437.000      0.963
 5437.350      0.988
 5437.700      0.978
 5438.050      0.974
 5438.400      1.031
 5438.750      1.057
 5439.100      0.984
 5439.450      1.031
 5439.800      1.063
 5440.150      1.017
 5440.500      0.988
 5440.850      1.030
 5441.200      0.989
 5441.550      1.058
 5441.900      0.990
 5442.250      1.010
 5442.600      0.990
 5442.950      0.912
 5443.300      0.980
 5443.650      0.978
 5444.000      0.990
 5444.350      0.958
 5444.700      0.940
 5445.050      0.922
 5445.400      0.974
 5445.750      0.972
 5446.100      1.012
 5446.450      0.882
 5446.800      0.861
 5447.150      0.806
 5447.500      0.976
 5447.850      1.023
 5448.200      1.016
 5448.550      1.053
 5448.900      0.992
 5449.250      1.050
 5449.600      0.928
 5449.950      1.030
 5450.300      1.027
 5450.650      1.000
 5451.000      0.996
 5451.350      0.986
 5451.700      0.997
 5452.050      0.982
 5452.400      0.977
 5452.750      0.972
 5453.100      0.946
 5453.450      0.991
 5453.800      1.032
 5454.150      1.013
 5454.500      0.986
 5454.850      0.964
 5455.200      0.850
 5455.550      0.814
 5455.900      0.867
 5456.250      0.987
 5456.600      1.047
 5456.950      0.954
 5457.300      1.016
 5457.650      0.994
 5458.000      0.986
 5458.350      1.071
 5458.700      0.960
 5459.050      1.004
 5459.400      0.948
 5459.750      1.023
 5460.100      1.053
 5460.450      0.987
 5460.800      1.020
 5461.150      1.012
 5461.500      0.962
 5461.850      1.014
 5462.200      1.007
 5462.550      0.931
 5462.900      0.903
 5463.250      0.908
 5463.600      0.949
 5463.950      0.964
 5464.300      0.990
 5464.650      0.994
 5465.000      1.024
 5465.350      1.028
 5465.700      1.029
 5466.050      0.966
 5466.400      0.951
 5466.750      0.949
 5467.100      1.037
 5467.450      0.974
 5467.800      1.016
 5468.150      1.058
 5468.500      1.014
 5468.850      1.019
 5469.200      0.998
 5469.550      1.026
 5469.900      0.996
 5470.250      0.990
 5470.600      0.987
 5470.950      1.009
 5471.300      1.007
 5471.650      1.013
 5472.000      0.988
 5472.350      0.964
 5472.700      1.013
 5473.050      0.962
 5473.400      0.996
 5473.750      0.977
 5474.100      0.941
 5474.450      0.990
 5474.800      0.962
 5475.150      0.956
 5475.500      0.938
 5475.850      1.024
 5476.200      0.826
 5476.550      0.817
 5476.900      0.826
 5477.250      0.889
 5477.600      0.986
 5477.950      1.030
 5478.300      1.002
 5478.650      0.961
 5479.000      1.024
 5479.350      1.014
 5479.700      0.990
 5480.050      0.999
 5480.400      0.970
 5480.750      0.994
 5481.100      0.936
 5481.450      0.971
 5481.800      1.013
 5482.150      1.033
 5482.500      0.972
 5482.850      0.928
 5483.200      0.994
 5483.550      0.981
 5483.900      1.038
 5484.250      1.050
 5484.600      1.044
 5484.950      0.974
 5485.300      1.008
 5485.650      1.024
 5486.000      1.006
 5486.350      1.031
 5486.700      1.028
 5487.050      0.979
 5487.400      0.921
 5487.750      0.977
 5488.100      0.922
 5488.450      0.949
 5488.800      0.977
 5489.150      1.013
 5489.500      0.964
 5489.850      1.037
 5490.200      1.008
 5490.550      0.986
 5490.900      0.991
 5491.250      1.041
 5491.600      1.001
 5491.950      1.073
 5492.300      1.032
 5492.650      0.996
 5493.000      0.967
 5493.350      1.003
 5493.700      0.987
 5494.050      1.007
 5494.400      1.010
 5494.750      0.953
 5495.100      0.982
 5495.450      0.991
 5495.800      1.017
 5496.150      0.959
 5496.500      0.980
 5496.850      1.002
 5497.200      0.914
 5497.550      0.920
 5497.900      0.973
 5498.250      1.001
 5498.600      1.022
 5498.950      0.988
 5499.300      0.999
 5499.650      1.046
 5500.000      1.003
 5500.350      0.981
 5500.700      1.002
 5501.050      0.951
 5501.400      0.930
 5501.750      0.916
 5502.100      1.013
 5502.450      0.989
 5502.800      0.960
 5503.150      0.999
 5503.500      0.956
 5503.850      0.969
 5504.200      1.001
 5504.550      0.977
 5504.900      1.016
 5505.250      0.997
 5505.600      0.941
 5505.950      1.073
 5506.300      0.909
 5506.650      0.899
 5507.000      0.911
 5507.350      0.994
 5507.700      1.009
 5508.050      1.039
 5508.400      0.991
 5508.750      0.981
 5509.100      1.011
 5509.450      0.964
 5509.800      0.997
 5510.150      1.000
 5510.500      0.957
 5510.850      1.008
 5511.200      0.989
 5511.550      1.027
 5511.900      0.898
 5512.250      0.960
 5512.600      0.933
 5512.950      0.922
 5513.300      0.916
 5513.650      0.959
 5514.000      1.009
 5514.350      0.949
 5514.700      0.928
 5515.050      0.931
 5515.400      1.026
 5515.750      1.007
 5516.100      0.998
 5516.450      1.002
 5516.800      1.020
 5517.150      0.992
 5517.500      1.050
 5517.850      1.010
 5518.200      1.080
 5518.550      0.962
 5518.900      1.026
 5519.250      1.050
 5519.600      0.999
 5519.950      0.993
 5520.300      1.026
 5520.650      0.967
 5521.000      1.022
 5521.350      1.019
 5521.700      1.002
 5522.050      0.942
 5522.400      0.970
 5522.750      0.953
 5523.100      1.008
 5523.450      0.954
 5523.800      1.002
 5524.150      0.963
 5524.500      0.981
 5524.850      1.020
 5525.200      1.064
 5525.550      1.011
 5525.900      0.942
 5526.250      0.941
 5526.600      0.917
 5526.950      0.900
 5527.300      0.868
 5527.650      0.980
 5528.000      0.918
 5528.350      0.879
 5528.700      0.833
 5529.050      0.957
 5529.400      1.031
 5529.750      1.010
 5530.100      0.946
 5530.450      1.021
 5530.800      1.017
 5531.150      0.978
 5531.500      1.012
 5531.850      1.063
 5532.200      1.041
 5532.550      0.973
 5532.900      1.020
 5533.250      0.946
 5533.600      1.019
 5533.950      0.977
 5534.300      1.033
 5534.650      0.893
 5535.000      0.932
 5535.350      0.894
 5535.700      0.947
 5536.050      0.959
 5536.400      1.056
 5536.750      0.963
 5537.100      0.992
 5537.450      0.960
 5537.800      0.989
 5538.150      0.978
 5538.500      0.961
 5538.850      0.957
 5539.200      1.033
 5539.550      0.980
 5539.900      1.026
 5540.250      0.992
 5540.600      0.963
 5540.950      1.016
 5541.300      0.997
 5541.650      0.920
 5542.000      0.972
 5542.350      1.030
 5542.700      0.918
 5543.050      0.920
 5543.400      0.932
 5543.750      0.974
 5544.100      0.972
 5544.450      1.020
 5544.800      0.934
 5545.150      0.963
 5545.500      0.993
 5545.850      0.991
 5546.200      0.999
 5546.550      0.980
 5546.900      0.977
 5547.250      1.029
 5547.600      0.974
 5547.950      0.996
 5548.300      1.016
 5548.650      1.022
 5549.000      0.971
 5549.350      0.978
 5549.700      0.961
 5550.050      0.971
 5550.400      1.029
 5550.750      1.069
 5551.100      0.981
 5551.450      0.981
 5551.800      0.966
 5552.150      0.944
 5552.500      1.014
 5552.850      1.002
 5553.200      1.017
 5553.550      0.982
 5553.900      0.978
 5554.250      0.986
 5554.600      0.980
 5554.950      0.948
 5555.300      0.940
 5555.650      0.962
 5556.000      0.957
 5556.350      1.050
 5556.700      1.017
 5557.050      0.954
 5557.400      1.017
 5557.750      0.984
 5558.100      0.971
 5558.450      0.993
 5558.800      1.052
 5559.150      1.104
 5559.500      0.949
 5559.850      1.007
 5560.200      0.966
 5560.550      0.954
 5560.900      0.947
 5561.250      0.914
 5561.600      0.998
 5561.950      0.953
 5562.300      1.001
 5562.650      1.011
 5563.000      0.922
 5563.350      0.941
 5563.700      0.878
 5564.050      0.957
 5564.400      1.028
 5564.750      1.001
 5565.100      0.993
 5565.450      0.904
 5565.800      0.943
 5566.150      0.984
 5566.500      1.006
 5566.850      0.940
 5567.200      1.007
 5567.550      0.993
 5567.900      0.964
 5568.250      1.032
 5568.600      0.998
 5568.950      0.967
 5569.300      0.996
 5569.650      0.863
 5570.000      0.968
 5570.350      0.960
 5570.700      1.001
 5571.050      0.974
 5571.400      0.988
 5571.750      0.937
 5572.100      1.004
 5572.450      0.887
 5572.800      0.844
 5573.150      0.934
 5573.500      0.944
 5573.850      0.967
 5574.200      0.983
 5574.550      1.056
 5574.900      0.996
 5575.250      0.998
 5575.600      0.986
 5575.950      0.960
 5576.300      0.931
 5576.650      0.921
 5577.000      0.952
 5577.350      1.011
 5577.700      0.997
 5578.050      0.983
 5578.400      0.959
 5578.750      1.017
 5579.100      0.949
 5579.450      0.876
 5579.800      0.997
 5580.150      0.954
 5580.500      1.009
 5580.850      0.940
 5581.200      1.020
 5581.550      1.021
 5581.900      0.856
 5582.250      0.951
 5582.600      1.012
 5582.950      1.021
 5583.300      1.016
 5583.650      0.994
 5584.000      1.036
 5584.350      1.006
 5584.700      1.022
 5585.050      0.994
 5585.400      1.016
 5585.750      1.019
 5586.100      1.002
 5586.450      0.863
 5586.800      0.852
 5587.150      0.887
 5587.500      0.904
 5587.850      1.009
 5588.200      0.987
 5588.550      0.860
 5588.900      0.861
 5589.250      0.970
 5589.600      0.940
 5589.950      0.903
 5590.300      0.943
 5590.650      1.008
 5591.000      0.969
 5591.350      0.982
 5591.700      1.100
 5592.050      0.963
 5592.400      0.946
 5592.750      0.969
 5593.100      1.008
 5593.450      1.004
 5593.800      0.988
 5594.150      0.847
 5594.500      0.861
 5594.850      0.924
 5595.200      0.974
 5595.550      0.993
 5595.900      0.989
 5596.250      1.017
 5596.600      1.017
 5596.950      1.054
 5597.300      1.040
 5597.650      0.997
 5598.000      0.998
 5598.350      0.874
 5598.700      0.887
 5599.050      0.961
 5599.400      0.961
 5599.750      1.043
 5600.100      0.952
 5600.450      0.984
 5600.800      0.926
 5601.150      0.978
 5601.500      0.951
 5601.850      0.993
 5602.200      0.998
 5602.550      0.890
 5602.900      0.808
 5603.250      0.889
 5603.600      1.014
 5603.950      1.017
 5604.300      1.020
 5604.650      1.000
 5605.000      0.942
 5605.350      1.008
 5605.700      1.008
 5606.050      1.009
 5606.400      1.010
 5606.750      0.974
 5607.100      0.906
 5607.450      0.952
 5607.800      1.022
 5608.150      1.017
 5608.500      1.002
 5608.850      1.012
 5609.200      0.992
 5609.550      1.050
 5609.900      1.002
 5610.250      1.020
 5610.600      1.009
 5610.950      0.980
 5611.300      1.004
 5611.650      1.038
 5612.000      1.047
 5612.350      0.977
 5612.700      0.938
 5613.050      1.038
 5613.400      1.013
 5613.750      0.989
 5614.100      1.014
 5614.450      0.977
 5614.800      0.886
 5615.150      0.881
 5615.500      0.779
 5615.850      0.832
 5616.200      0.889
 5616.550      1.000
 5616.900      0.964
 5617.250      1.022
 5617.600      0.980
 5617.950      0.959
 5618.300      0.984
 5618.650      0.981
 5619.000      1.003
 5619.350      0.956
 5619.700      0.988
 5620.050      1.010
 5620.400      0.994
 5620.750      0.983
 5621.100      1.046
 5621.450      1.013
 5621.800      0.969
 5622.150      0.998
 5622.500      0.940
 5622.850      0.963
 5623.200      0.940
 5623.550      0.967
 5623.900      0.900
 5624.250      0.898
 5624.600      0.924
 5624.950      0.932
 5625.300      0.891
 5625.650      0.979
 5626.000      1.057
 5626.350      1.040
 5626.700      1.031
 5627.050      0.983
 5627.400      1.080
 5627.750      0.992
 5628.100      1.009
 5628.450      0.998
 5628.800      0.992
 5629.150      1.016
 5629.500      0.964
 5629.850      0.989
 5630.200      0.973
 5630.550      0.998
 5630.900      0.996
 5631.250      0.997
 5631.600      1.031
 5631.950      1.027
 5632.300      0.963
 5632.650      1.036
 5633.000      1.013
 5633.350      1.036
 5633.700      0.960
 5634.050      0.990
 5634.400      0.976
 5634.750      1.019
 5635.100      1.001
 5635.450      0.989
 5635.800      1.053
 5636.150      1.028
 5636.500      0.998
 5636.850      1.007
 5637.200      0.980
 5637.550      0.994
 5637.900      0.946
 5638.250      0.992
 5638.600      1.006
 5638.950      0.942
 5639.300      0.981
 5639.650      1.006
 5640.000      0.951
 5640.350      0.968
 5640.700      0.953
 5641.050      0.976
 5641.400      0.953
 5641.750      0.959
 5642.100      0.976
 5642.450      0.990
 5642.800      0.964
 5643.150      0.964
 5643.500      1.027
 5643.850      0.986
 5644.200      0.979
 5644.550      1.029
 5644.900      0.998
 5645.250      0.992
 5645.600      0.933
 5645.950      1.028
 5646.300      0.930
 5646.650      1.021
 5647.000      0.954
 5647.350      1.001
 5647.700      1.020
 5648.050      0.984
 5648.400      0.989
 5648.750      0.968
 5649.100      1.028
 5649.450      0.993
 5649.800      1.023
 5650.150      0.989
 5650.500      0.957
 5650.850      1.021
 5651.200      0.974
 5651.550      1.021
 5651.900      0.983
 5652.250      0.943
 5652.600      1.038
 5652.950      1.033
 5653.300      0.997
 5653.650      1.020
 5654.000      1.010
 5654.350      1.009
 5654.700      0.956
 5655.050      0.997
 5655.400      0.902
 5655.750      0.987
 5656.100      1.022
 5656.450      1.044
 5656.800      1.008
 5657.150      0.950
 5657.500      0.970
 5657.850      0.890
 5658.200      0.859
 5658.550      0.883
 5658.900      0.888
 5659.250      0.901
 5659.600      1.000
 5659.950      1.000
 5660.300      0.923
 5660.650      1.016
 5661.000      0.952
 5661.350      0.979
 5661.700      1.014
 5662.050      0.968
 5662.400      0.927
 5662.750      0.949
 5663.100      0.970
 5663.450      1.054
 5663.800      0.978
 5664.150      1.010
 5664.500      0.977
 5664.850      0.987
 5665.200      0.930
 5665.550      1.020
 5665.900      0.957
 5666.250      0.971
 5666.600      0.959
 5666.950      0.973
 5667.300      0.980
 5667.650      0.999
 5668.000      0.997
 5668.350      1.014
 5668.700      1.007
 5669.050      0.926
 5669.400      0.971
 5669.750      0.974
 5670.100      0.989
 5670.450      0.922
 5670.800      1.019
 5671.150      1.017
 5671.500      0.983
 5671.850      0.918
 5672.200      1.010
 5672.550      1.014
 5672.900      1.020
 5673.250      1.052
 5673.600      1.033
 5673.950      0.990
 5674.300      1.017
 5674.650      1.049
 5675.000      0.972
 5675.350      1.003
 5675.700      0.964
 5676.050      0.942
 5676.400      1.041
 5676.750      0.986
 5677.100      0.961
 5677.450      0.953
 5677.800      1.063
 5678.150      1.033
 5678.500      1.014
 5678.850      0.980
 5679.200      0.976
 5679.550      1.012
 5679.900      0.996
